20,[0.09295945],[0.99291797],[[ 0.09295945  0.07397604 -0.99291797]],[[ 9.99999022e-01 -1.33125018e-03 -4.29114729e-04]],[[ 1.33112076e-03  9.99999069e-01 -3.01732856e-04]],[[4.29516012e-04 3.01161357e-04 9.99999862e-01]]
21,[0.13474949],[1.99033924],[[ 0.13474949  0.13232322 -1.99033924]],[[ 9.99994985e-01 -3.01821924e-03 -9.59333691e-04]],[[ 3.01750687e-03  9.99995171e-01 -7.43152615e-04]],[[9.61572056e-04 7.40254092e-04 9.99999264e-01]]
22,[0.02973557],[2.98099218],[[ 0.02973557  0.21937964 -2.98099218]],[[ 0.99999406 -0.00324212 -0.00116841]],[[ 0.00324058  0.99999388 -0.00131787]],[[0.00117268 0.00131408 0.99999845]]
23,[0.02305642],[3.97991149],[[ 0.02305642  0.26537534 -3.97991149]],[[ 0.99999326 -0.00326176 -0.00168645]],[[ 0.00325919  0.99999352 -0.001529  ]],[[0.00169143 0.00152349 0.99999741]]
24,[0.09498404],[4.97732018],[[ 0.09498404  0.26690347 -4.97732018]],[[ 0.99998825 -0.00434656 -0.0021478 ]],[[ 0.00434296  0.99998916 -0.00167937]],[[0.00215508 0.00167002 0.99999628]]
25,[0.11050168],[5.9700755],[[ 0.11050168  0.38605077 -5.9700755 ]],[[ 0.99998525 -0.00499244 -0.00214073]],[[ 0.00498811  0.99998552 -0.00202172]],[[0.00215079 0.00201101 0.99999566]]
26,[0.08362056],[6.96958819],[[ 0.08362056  0.40191804 -6.96958819]],[[ 0.99998784 -0.0045373  -0.00193268]],[[ 0.00453308  0.99998734 -0.0021859 ]],[[0.00194257 0.00217711 0.99999574]]
27,[0.13993536],[7.96300186],[[ 0.13993536  0.50170747 -7.96300186]],[[ 0.99998449 -0.00498399 -0.00248699]],[[ 0.00497669  0.99998332 -0.00293182]],[[0.00250156 0.0029194  0.99999261]]
28,[0.10491113],[8.96213052],[[ 0.10491113  0.47900891 -8.96213052]],[[ 0.99998533 -0.00463408 -0.00280477]],[[ 0.00462484  0.99998389 -0.00328953]],[[0.00281997 0.00327651 0.99999066]]
29,[0.11688718],[9.96136876],[[ 0.11688718  0.51615074 -9.96136876]],[[ 0.99998372 -0.00442603 -0.00360006]],[[ 0.0044124   0.9999831  -0.00378534]],[[0.00361675 0.0037694  0.99998636]]
30,[0.02426106],[10.9431433],[[  0.02426106   0.6821     -10.9431433 ]],[[ 0.99998261 -0.00416973 -0.00416963]],[[ 0.00415038  0.99998063 -0.00463893]],[[0.00418889 0.00462154 0.99998055]]
31,[-0.01134145],[11.93934005],[[-1.13414528e-02  7.61626725e-01 -1.19393400e+01]],[[ 0.99998346 -0.00394119 -0.00418949]],[[ 0.0039206   0.99998025 -0.00491114]],[[0.00420876 0.00489464 0.99997916]]
32,[0.04066873],[12.93593169],[[  0.04066873   0.82565833 -12.93593169]],[[ 0.99998057 -0.00439562 -0.00442107]],[[ 0.0043745   0.99997903 -0.00477589]],[[0.00444197 0.00475646 0.99997882]]
33,[0.01282826],[13.93388023],[[ 1.28282609e-02  8.83309088e-01 -1.39338802e+01]],[[ 0.99998042 -0.00422112 -0.00461903]],[[ 0.00420053  0.99998125 -0.00445695]],[[0.00463776 0.00443746 0.9999794 ]]
34,[-0.06278237],[14.93045633],[[ -0.06278237   0.91676222 -14.93045633]],[[ 0.99998016 -0.00382567 -0.00500358]],[[ 0.00380675  0.99998559 -0.00378506]],[[0.00501799 0.00376594 0.99998032]]
35,[-0.06219303],[15.93015489],[[ -0.06219303   0.94130672 -15.93015489]],[[ 0.99997268 -0.00455164 -0.00582471]],[[ 0.00453563  0.99998591 -0.00275964]],[[0.00583719 0.00273314 0.99997923]]
36,[-0.05986159],[16.93004475],[[ -0.05986159   0.95596391 -16.93004475]],[[ 0.99996352 -0.00566036 -0.00639684]],[[ 0.0056495   0.99998257 -0.00171374]],[[0.00640643 0.00167753 0.99997807]]
37,[-0.02272727],[17.92824004],[[ -0.02272727   1.00315726 -17.92824004]],[[ 0.99995638 -0.00637003 -0.00683144]],[[ 0.00636094  0.99997885 -0.00135226]],[[0.00683991 0.00130874 0.99997575]]
38,[-0.02408739],[18.92433589],[[ -0.02408739   1.09142509 -18.92433589]],[[ 0.99995096 -0.00706846 -0.00693644]],[[ 0.00705565  0.99997336 -0.00187075]],[[0.00694948 0.00182172 0.99997419]]
39,[-0.00892065],[19.92281925],[[-8.92064670e-03  1.14434902e+00 -1.99228193e+01]],[[ 0.99994562 -0.00743818 -0.00730989]],[[ 0.00742135  0.99996975 -0.00232678]],[[0.00732697 0.0022724  0.99997058]]
40,[-0.03728185],[20.91751466],[[ -0.03728185   1.24322612 -20.91751466]],[[ 0.99994345 -0.00725174 -0.00777892]],[[ 0.00723472  0.99997138 -0.00221454]],[[0.00779476 0.00215813 0.99996729]]
41,[-0.02129106],[21.91488945],[[-2.12910605e-02  1.31385077e+00 -2.19148894e+01]],[[ 0.99994613 -0.00625288 -0.00828475]],[[ 0.00624291  0.99997976 -0.00122853]],[[0.00829227 0.00117674 0.99996493]]
42,[-0.01952168],[22.91088628],[[-1.95216829e-02  1.40322176e+00 -2.29108863e+01]],[[ 0.99995456 -0.00408545 -0.00861281]],[[ 4.08258670e-03  9.99991605e-01 -3.50129500e-04]],[[8.61416815e-03 3.14951048e-04 9.99962848e-01]]
43,[-0.05415583],[23.90471095],[[ -0.05415583   1.50863995 -23.90471095]],[[ 0.99995374 -0.00189194 -0.00943122]],[[ 1.88417100e-03  9.99997878e-01 -8.32422600e-04]],[[9.43277185e-03 8.14614063e-04 9.99955179e-01]]
44,[-0.10552605],[24.90264302],[[ -0.10552605   1.54727532 -24.90264302]],[[ 9.99943465e-01  2.27877485e-04 -1.06308460e-02]],[[-2.51744797e-04  9.99997451e-01 -2.24381575e-03]],[[0.01063031 0.00224637 0.99994097]]
45,[-0.13240611],[25.90169569],[[ -0.13240611   1.58149842 -25.90169569]],[[ 0.99993383  0.00188118 -0.01134924]],[[-0.00191288  0.9999943  -0.00278344]],[[0.01134394 0.00280497 0.99993172]]
46,[-0.10707864],[26.89961624],[[ -0.10707864   1.64076984 -26.89961624]],[[ 0.99992557  0.00248266 -0.0119454 ]],[[-0.00250634  0.99999492 -0.00196815]],[[0.01194045 0.00199794 0.99992671]]
47,[-0.08805198],[27.89746611],[[ -0.08805198   1.70348839 -27.89746611]],[[ 0.99992149  0.00125396 -0.0124674 ]],[[-1.26347284e-03  9.99998917e-01 -7.54968632e-04]],[[1.24664413e-02 7.70661584e-04 9.99921994e-01]]
48,[-0.01515445],[28.89454],[[-1.51544468e-02  1.72650188e+00 -2.88945400e+01]],[[ 0.99990889 -0.00148622 -0.01341633]],[[ 1.48441459e-03  9.99998888e-01 -1.44358965e-04]],[[1.34165328e-02 1.24430412e-04 9.99909987e-01]]
49,[0.06449298],[29.89005753],[[  0.06449298   1.77750307 -29.89005753]],[[ 0.99988376 -0.0036884  -0.01479387]],[[ 3.67634441e-03  9.99992888e-01 -8.42084247e-04]],[[1.47968756e-02 7.87598986e-04 9.99890210e-01]]
50,[0.08173474],[30.88962834],[[  0.08173474   1.80118699 -30.88962834]],[[ 0.99987064 -0.00377556 -0.01563501]],[[ 0.00374337  0.99999081 -0.00208779]],[[0.01564275 0.002029   0.99987559]]
51,[0.03986791],[31.88874361],[[  0.03986791   1.80516573 -31.88874361]],[[ 0.99986519 -0.00217689 -0.01627449]],[[ 0.002121    0.9999918  -0.00345114]],[[0.01628187 0.00341615 0.99986161]]
52,[0.02622029],[32.88795453],[[ 2.62202862e-02  1.84246583e+00 -3.28879545e+01]],[[ 9.99854797e-01 -7.95178421e-04 -1.70220930e-02]],[[ 7.23451293e-04  9.99990836e-01 -4.21950980e-03]],[[0.01702529 0.00420658 0.99984621]]
53,[-0.00014996],[33.87859862],[[-1.49957848e-04  1.97636464e+00 -3.38785986e+01]],[[ 0.999843    0.00102796 -0.01768964]],[[-0.00110875  0.999989   -0.00455778]],[[0.01768476 0.00457668 0.99983314]]
54,[0.00197663],[34.87580838],[[ 1.97662500e-03  2.05098483e+00 -3.48758084e+01]],[[ 0.99982412  0.00368737 -0.01838863]],[[-0.00376744  0.99998356 -0.00432168]],[[0.0183724  0.0043902  0.99982157]]
55,[0.00576273],[35.87214791],[[ 5.76273470e-03  2.13638507e+00 -3.58721479e+01]],[[ 0.99980116  0.00586132 -0.01905986]],[[-0.00593651  0.99997481 -0.00389065]],[[0.01903658 0.00400303 0.99981077]]
56,[0.00317294],[36.86842841],[[ 3.17293771e-03  2.22251552e+00 -3.68684284e+01]],[[ 0.99977973  0.00674657 -0.01987391]],[[-0.00681326  0.99997138 -0.00328993]],[[0.01985114 0.00342461 0.99979708]]
57,[-0.00027209],[37.86566289],[[-2.72086305e-04  2.29675518e+00 -3.78656629e+01]],[[ 0.99976298  0.00637654 -0.02081633]],[[-0.00642321  0.999977   -0.00217601]],[[0.02080197 0.0023092  0.99978095]]
58,[0.03249214],[38.86450536],[[ 3.24921393e-02  2.33197215e+00 -3.88645054e+01]],[[ 0.99974575  0.0055797  -0.02184728]],[[-5.59826543e-03  9.99984018e-01 -7.88885361e-04]],[[2.18425274e-02 9.10991650e-04 9.99761008e-01]]
59,[0.11315326],[39.86049044],[[  0.11315326   2.37079877 -39.86049044]],[[ 0.9997221   0.00302112 -0.02337954]],[[-3.01747450e-03  9.99995429e-01  1.91134027e-04]],[[ 2.33800057e-02 -1.20533759e-04  9.99726643e-01]]
60,[0.19299953],[40.85690918],[[  0.19299953   2.39862421 -40.85690918]],[[ 0.99970078  0.00115063 -0.02443409]],[[-1.12981221e-03  9.99998987e-01  8.65894652e-04]],[[ 2.44350629e-02 -8.38029625e-04  9.99701068e-01]]
61,[0.25399861],[41.85391653],[[  0.25399861   2.44611591 -41.85391653]],[[ 9.99671509e-01 -6.98750781e-04 -2.56200208e-02]],[[7.29783337e-04 9.99999011e-01 1.20193189e-03]],[[ 0.02561916 -0.00122023  0.99967103]]
62,[0.30493507],[42.85209337],[[  0.30493507   2.47849598 -42.85209337]],[[ 9.99655480e-01 -3.26836826e-04 -2.62452607e-02]],[[3.72592158e-04 9.99998419e-01 1.73850374e-03]],[[ 0.02624465 -0.00174768  0.99965402]]
63,[0.32609646],[43.84896943],[[  0.32609646   2.55459013 -43.84896943]],[[ 9.99639026e-01  3.60835392e-04 -2.68642409e-02]],[[-3.15752587e-04  9.99998535e-01  1.68239464e-03]],[[ 0.02686481 -0.0016733   0.99963768]]
64,[0.34701242],[44.84812486],[[  0.34701242   2.58995899 -44.84812486]],[[ 9.99617014e-01  4.95614726e-04 -2.76691002e-02]],[[-4.47878271e-04  9.99998401e-01  1.73143300e-03]],[[ 0.02766991 -0.00171838  0.99961564]]
65,[0.37070057],[45.84664099],[[  0.37070057   2.63899365 -45.84664099]],[[ 0.99958757  0.00103225 -0.02869889]],[[-9.78052278e-04  9.99997712e-01  1.90240165e-03]],[[ 0.02870079 -0.00187355  0.99958629]]
66,[0.39133082],[46.8455799],[[  0.39133082   2.68016958 -46.8455799 ]],[[ 0.99956287  0.0027808  -0.02943362]],[[-0.0027188   0.999994    0.00214624]],[[ 0.02943941 -0.00206528  0.99956443]]
67,[0.41777174],[47.84421941],[[  0.41777174   2.72511392 -47.84421941]],[[ 0.99953358  0.00483747 -0.03015338]],[[-4.81276876e-03  9.99988021e-01  8.91710696e-04]],[[ 3.01573345e-02 -7.46173527e-04  9.99544886e-01]]
68,[0.44763365],[48.84197562],[[  0.44763365   2.7850373  -48.84197562]],[[ 0.99949629  0.0052395  -0.03130032]],[[-5.24698200e-03  9.99986222e-01 -1.56950266e-04]],[[3.12990709e-02 3.21103447e-04 9.99510012e-01]]
69,[0.47493507],[49.83899252],[[  0.47493507   2.85723106 -49.83899252]],[[ 0.99945717  0.00537529 -0.03250341]],[[-0.00543093  0.99998393 -0.00162379]],[[0.03249416 0.00179943 0.99947031]]
70,[0.49423278],[50.83796261],[[  0.49423278   2.8982963  -50.83796261]],[[ 0.99942427  0.00554085 -0.03347292]],[[-0.00564969  0.99997905 -0.00315764]],[[0.03345472 0.00334493 0.99943464]]
71,[0.5721999],[51.83445782],[[  0.5721999    2.92860203 -51.83445782]],[[ 0.99939323  0.00383213 -0.03461911]],[[-0.00395429  0.99998619 -0.00346065]],[[0.03460537 0.00359545 0.99939459]]
72,[0.61954812],[52.83320288],[[  0.61954812   2.94492507 -52.83320288]],[[ 0.99939029  0.00334491 -0.03475436]],[[-0.00342547  0.99999158 -0.0022585 ]],[[0.03474652 0.00237617 0.99939333]]
73,[0.63407836],[53.83126202],[[  0.63407836   3.00547936 -53.83126202]],[[ 0.99938401  0.00433308 -0.03482568]],[[-4.35666331e-03  9.99990329e-01 -6.01274293e-04]],[[3.48227388e-02 7.52627680e-04 9.99393221e-01]]
74,[0.68861806],[54.82874335],[[  0.68861806   3.05082715 -54.82874335]],[[ 0.99935476  0.00386318 -0.03570923]],[[-3.84536951e-03  9.99992446e-01  5.67321766e-04]],[[ 3.57111510e-02 -4.29640524e-04  9.99362061e-01]]
75,[0.6841659],[55.82606736],[[  0.6841659    3.12379978 -55.82606736]],[[ 0.99931348  0.0050337  -0.03670477]],[[-0.00499972  0.99998698  0.00101735]],[[ 3.67094150e-02 -8.33141124e-04  9.99325635e-01]]
76,[0.70210592],[56.82233686],[[  0.70210592   3.20821086 -56.82233686]],[[ 0.99926094  0.00700452 -0.03779552]],[[-7.00195862e-03  9.99975466e-01  2.00208552e-04]],[[3.77959945e-02 6.45820755e-05 9.99285474e-01]]
77,[0.73299795],[57.8203545],[[  0.73299795   3.2630421  -57.8203545 ]],[[ 0.99922171  0.00763446 -0.03869986]],[[-0.007692    0.99996952 -0.00133805]],[[0.03868847 0.00163468 0.99924998]]
78,[0.75042886],[58.81852373],[[  0.75042886   3.32095888 -58.81852373]],[[ 0.99919724  0.00866698 -0.03911224]],[[-0.00880314  0.99995577 -0.00331056]],[[0.03908182 0.00365222 0.99922934]]
79,[0.8044168],[59.81459257],[[  0.8044168    3.3911883  -59.81459257]],[[ 0.99916241  0.00844058 -0.04004047]],[[-0.0086284   0.99995256 -0.00452026]],[[0.04000042 0.00486196 0.99918783]]
80,[0.82680069],[60.81048313],[[  0.82680069   3.4789434  -60.81048313]],[[ 0.9991162   0.00921101 -0.04101201]],[[-0.00941979  0.99994362 -0.00490049]],[[0.04096456 0.00528248 0.99914664]]
81,[0.85660915],[61.80810751],[[  0.85660915   3.54104852 -61.80810751]],[[ 0.99908315  0.00995487 -0.04163835]],[[-0.01017108  0.99993585 -0.00498396]],[[0.04158606 0.0054029  0.99912032]]
82,[0.87857525],[62.80586484],[[  0.87857525   3.60427667 -62.80586484]],[[ 0.99902934  0.01202615 -0.04237634]],[[-0.01226262  0.99991063 -0.00532454]],[[0.04230852 0.00583901 0.99908753]]
83,[0.89288407],[63.80336277],[[  0.89288407   3.6735092  -63.80336277]],[[ 0.99895836  0.01347686 -0.04359553]],[[-0.01372971  0.99989058 -0.00550584]],[[0.04351655 0.00609866 0.99903409]]
84,[0.92893235],[64.80062292],[[  0.92893235   3.73810569 -64.80062292]],[[ 0.99888523  0.01522571 -0.04468184]],[[-0.01548787  0.99986478 -0.00552696]],[[0.04459164 0.00621282 0.99898598]]
85,[0.99050152],[65.79581697],[[  0.99050152   3.81425067 -65.79581697]],[[ 0.9988318   0.01578198 -0.04567244]],[[-0.01604622  0.99985654 -0.00542473]],[[0.04558028 0.00615127 0.99894174]]
86,[1.02599015],[66.79315188],[[  1.02599015   3.87799726 -66.79315188]],[[ 0.99880387  0.01696011 -0.04586042]],[[-0.01720845  0.99983929 -0.0050259 ]],[[0.04576781 0.00580907 0.99893521]]
87,[1.08420683],[67.7894707],[[  1.08420683   3.94092277 -67.7894707 ]],[[ 0.9987395   0.01819248 -0.04678073]],[[-0.01842516  0.9998199  -0.00454748]],[[0.04668957 0.00540369 0.99889483]]
88,[1.11537472],[68.78810883],[[  1.11537472   3.9827611  -68.78810883]],[[ 0.99866229  0.01894419 -0.04811181]],[[-0.01914378  0.99980993 -0.00369111]],[[0.04803274 0.00460721 0.99883514]]
89,[1.13780682],[69.78639277],[[  1.13780682   4.0368534  -69.78639277]],[[ 0.99860591  0.01862249 -0.04939077]],[[-0.01877471  0.99982031 -0.0026198 ]],[[0.0493331  0.00354345 0.9987761 ]]
90,[1.19068476],[70.7841696],[[  1.19068476   4.07741602 -70.7841696 ]],[[ 0.99859453  0.01827019 -0.04975108]],[[-0.01836342  0.99983037 -0.00141742]],[[0.04971674 0.00232903 0.99876064]]
91,[1.24748849],[71.78111844],[[  1.24748849   4.13095426 -71.78111844]],[[ 0.99858408  0.01840555 -0.04991061]],[[-0.01849182  0.99982821 -0.00126725]],[[0.04987871 0.00218839 0.99875288]]
92,[1.29737135],[72.77788331],[[  1.29737135   4.19397408 -72.77788331]],[[ 0.99852464  0.01959177 -0.05064294]],[[-0.01974085  0.99980214 -0.00244517]],[[0.05058502 0.0034413  0.99871383]]
93,[1.31354374],[73.77344683],[[  1.31354374   4.28666573 -73.77344683]],[[ 0.99842445  0.02157625 -0.05179845]],[[-0.02180832  0.99975449 -0.00391912]],[[0.05170117 0.00504259 0.99864987]]
94,[1.37164832],[74.76868429],[[  1.37164832   4.36493604 -74.76868429]],[[ 0.99827408  0.02443028 -0.05340442]],[[-0.02467058  0.99968824 -0.00384495]],[[0.05329383 0.00515583 0.99856556]]
95,[1.3893638],[75.76464751],[[  1.3893638    4.45293284 -75.76464751]],[[ 0.99814639  0.02679145 -0.05464432]],[[-0.02697633  0.99963256 -0.00264844]],[[0.05455328 0.00411763 0.99850237]]
96,[1.4298916],[76.76250584],[[  1.4298916    4.50427715 -76.76250584]],[[ 0.99807395  0.02844826 -0.05512798]],[[-0.02860323  0.99958879 -0.00202389]],[[0.05504773 0.00359683 0.99847725]]
97,[1.48854894],[77.75837264],[[  1.48854894   4.57362149 -77.75837264]],[[ 0.99803203  0.02913579 -0.05552639]],[[-0.02929007  0.99956902 -0.0019665 ]],[[0.05544516 0.003589   0.99845528]]
98,[1.54421169],[78.75602274],[[  1.54421169   4.61357072 -78.75602274]],[[ 0.99792165  0.03118691 -0.05638936]],[[-0.03132066  0.99950828 -0.00148947]],[[0.05631518 0.00325253 0.99840774]]
99,[1.60519531],[79.75262744],[[  1.60519531   4.66888862 -79.75262744]],[[ 0.99777635  0.03279219 -0.05802607]],[[-0.03294712  0.99945562 -0.00171509]],[[0.05793824 0.00362307 0.99831359]]
100,[1.69048659],[80.7482256],[[  1.69048659   4.70774338 -80.7482256 ]],[[ 0.99769234  0.03203199 -0.05986608]],[[-0.03220839  0.99947921 -0.00198375]],[[0.05977136 0.00390737 0.99820445]]
101,[1.75875706],[81.74319169],[[  1.75875706   4.78110301 -81.74319169]],[[ 0.9976683   0.03050175 -0.0610542 ]],[[-0.0306727   0.99952774 -0.0018644 ]],[[0.0609685  0.00373275 0.99813271]]
102,[1.84411933],[82.73658852],[[  1.84411933   4.85775824 -82.73658852]],[[ 0.99769767  0.02892251 -0.06134204]],[[-2.90065437e-02  9.99579107e-01 -4.79726052e-04]],[[0.06130235 0.00225794 0.99811669]]
103,[1.94254513],[83.7288476],[[  1.94254513   4.93348323 -83.7288476 ]],[[ 0.99774194  0.02819227 -0.06096084]],[[-2.81904793e-02  9.99602174e-01  8.89670756e-04]],[[6.09616667e-02 8.30853384e-04 9.98139762e-01]]
104,[2.02851798],[84.72404416],[[  2.02851798   4.98030715 -84.72404416]],[[ 0.99774835  0.0283675  -0.06077421]],[[-0.02834673  0.99959743  0.00120413]],[[6.07839067e-02 5.21332601e-04 9.98150813e-01]]
105,[2.11520862],[85.71765175],[[  2.11520862   5.0526168  -85.71765175]],[[ 0.99767653  0.02809924 -0.06206434]],[[-2.81717047e-02  9.99603056e-01 -2.92580889e-04]],[[0.06203148 0.00204036 0.99807211]]
106,[2.19166442],[86.71337197],[[  2.19166442   5.10453752 -86.71337197]],[[ 0.99760552  0.02720094 -0.06358723]],[[-0.02735472  0.99962459 -0.00154883]],[[0.06352123 0.00328454 0.99797508]]
107,[2.27477337],[87.70912512],[[  2.27477337   5.14414259 -87.70912512]],[[ 0.99755511  0.02703025 -0.06444504]],[[-0.02720416  0.99962824 -0.00182249]],[[0.06437182 0.0035712  0.99791959]]
108,[2.36156429],[88.70492827],[[  2.36156429   5.17318423 -88.70492827]],[[ 0.99753991  0.02741111 -0.06451939]],[[-0.02757408  0.99961842 -0.00163677]],[[0.0644499  0.0034118  0.99791511]]
109,[2.44692649],[89.69775242],[[  2.44692649   5.25693095 -89.69775242]],[[ 0.99756394  0.02678609 -0.06441035]],[[-0.02702635  0.99963063 -0.00286158]],[[0.06430991 0.00459539 0.99791939]]
110,[2.5347205],[90.69088227],[[  2.5347205    5.3342957  -90.69088227]],[[ 0.99754749  0.02647861 -0.06479108]],[[-0.02672096  0.99963879 -0.00287669]],[[0.0646915  0.00460091 0.9978947 ]]
111,[2.62113182],[91.6848948],[[  2.62113182   5.40116999 -91.6848948 ]],[[ 0.99749302  0.02645569 -0.06563368]],[[-0.02657975  0.99964618 -0.00101759]],[[0.06558354 0.00275957 0.99784327]]
112,[2.67235148],[92.68135902],[[  2.67235148   5.46777031 -92.68135902]],[[ 0.99745056  0.0274408  -0.06587396]],[[-0.02740761  0.99962335  0.00140776]],[[6.58877784e-02 4.01280744e-04 9.97826959e-01]]
113,[2.74223545],[93.67674236],[[  2.74223545   5.53355966 -93.67674236]],[[ 0.99747505  0.02725411 -0.06557996]],[[-0.02703709  0.99962563  0.00419462]],[[ 0.06566973 -0.00241094  0.9978385 ]]
114,[2.79939275],[94.67243888],[[  2.79939275   5.60650824 -94.67243888]],[[ 0.99755924  0.02524412 -0.0651022 ]],[[-0.02493991  0.99967392  0.00548141]],[[ 0.06521935 -0.00384439  0.99786355]]
115,[2.89279451],[95.66707035],[[  2.89279451   5.65105426 -95.66707035]],[[ 0.99764108  0.02171862 -0.06511964]],[[-0.02148363  0.99975992  0.00430676]],[[ 0.06519754 -0.00289759  0.99786817]]
116,[2.97792033],[96.66216678],[[  2.97792033   5.70141978 -96.66216678]],[[ 0.99767586  0.01996598 -0.06514784]],[[-0.01984479  0.99979993  0.0025069 ]],[[ 0.06518486 -0.00120823  0.99787247]]
117,[3.06622544],[97.65640739],[[  3.06622544   5.76214709 -97.65640739]],[[ 0.99764368  0.01972462 -0.06571172]],[[-0.01964886  0.99980532  0.00179902]],[[ 6.57344111e-02 -5.03623470e-04  9.97837028e-01]]
118,[3.14615203],[98.65230684],[[  3.14615203   5.80452681 -98.65230684]],[[ 0.99762432  0.02008072 -0.06589752]],[[-0.01995484  0.99979758  0.00256793]],[[ 0.06593574 -0.00124686  0.99782309]]
119,[3.20808874],[99.64970114],[[  3.20808874   5.84151942 -99.64970114]],[[ 0.99761909  0.02017081 -0.06594914]],[[-0.01993858  0.99979248  0.00417763]],[[ 0.06601972 -0.00285275  0.99781424]]
120,[3.26176193],[100.64709845],[[   3.26176193    5.88966289 -100.64709845]],[[ 0.99756209  0.02189673 -0.06626013]],[[-0.02158037  0.99975206  0.0054866 ]],[[ 0.06636385 -0.00404331  0.9977873 ]]
121,[3.27184493],[101.6463511],[[   3.27184493    5.92697861 -101.6463511 ]],[[ 0.99749862  0.02288723 -0.06687807]],[[-0.02253169  0.99972773  0.00606587]],[[ 0.06699869 -0.00454383  0.99774272]]
122,[3.31066753],[102.6451093],[[   3.31066753    5.95820156 -102.6451093 ]],[[ 0.9974214   0.02410475 -0.06759822]],[[-0.0237062   0.99969657  0.00669192]],[[ 0.06773901 -0.00507217  0.99769018]]
123,[3.36505332],[103.64278754],[[   3.36505332    5.9991932  -103.64278754]],[[ 0.9973761   0.02550592 -0.06775221]],[[-0.02506511  0.99965881  0.00734849]],[[ 0.06791652 -0.00563099  0.99767512]]
124,[3.46974555],[104.63346867],[[   3.46974555    6.08631633 -104.63346867]],[[ 0.9973515   0.0250423  -0.06828519]],[[-0.02464448  0.99967408  0.00666214]],[[ 0.06842977 -0.00496164  0.9976436 ]]
125,[3.58106842],[105.62709087],[[   3.58106842    6.10426434 -105.62709087]],[[ 0.99733977  0.02513461 -0.06842241]],[[-0.02481322  0.99967674  0.00554313]],[[ 0.06853962 -0.00383061  0.99764104]]
126,[3.65357511],[106.62403449],[[   3.65357511    6.13335394 -106.62403449]],[[ 0.99732241  0.02537643 -0.06858602]],[[-0.02516613  0.99967556  0.00392864]],[[ 0.06866346 -0.00219208  0.99763747]]
127,[3.74151024],[107.61700099],[[   3.74151024    6.21263154 -107.61700099]],[[ 0.99730296  0.02376461 -0.06944091]],[[-0.02372761  0.99971754  0.00135764]],[[6.94535607e-02 2.93685253e-04 9.97585143e-01]]
128,[3.82323387],[108.6121906],[[   3.82323387    6.26665825 -108.6121906 ]],[[ 0.99729919  0.0215777  -0.07020493]],[[-2.16739195e-02  9.99764908e-01 -6.09003150e-04]],[[0.07017529 0.00212897 0.9975324 ]]
129,[3.92861143],[109.60577031],[[   3.92861143    6.30782796 -109.60577031]],[[ 0.99733481  0.01860243 -0.07054949]],[[-0.0187946   0.99982124 -0.00206099]],[[0.07049854 0.00338144 0.99750615]]
130,[4.05407811],[110.59759133],[[   4.05407811    6.33126249 -110.59759133]],[[ 0.99739817  0.01649548 -0.07017681]],[[-0.0167849   0.99985287 -0.00353645]],[[0.07010815 0.00470515 0.9975283 ]]
131,[4.15084131],[111.59060753],[[   4.15084131    6.3987585  -111.59060753]],[[ 0.9974618   0.01446155 -0.06971955]],[[-0.0148318   0.9998785  -0.00479586]],[[0.06964172 0.00581776 0.9975551 ]]
132,[4.2555645],[112.58444877],[[   4.2555645     6.43498884 -112.58444877]],[[ 0.99750496  0.01357191 -0.06927961]],[[-0.01397547  0.99988806 -0.00534383]],[[0.06919933 0.00629871 0.99758297]]
133,[4.33424785],[113.57932997],[[   4.33424785    6.4983949  -113.57932997]],[[ 0.99751098  0.01433017 -0.06903971]],[[-0.01472724  0.99987779 -0.00524587]],[[0.0689561  0.00624958 0.99760012]]
134,[4.42932041],[114.57457396],[[   4.42932041    6.51962214 -114.57457396]],[[ 0.99747317  0.01665706 -0.06906393]],[[-0.01695103  0.99984958 -0.00367256]],[[0.06899237 0.00483399 0.99760548]]
135,[4.51605073],[115.56962823],[[   4.51605073    6.56804579 -115.56962823]],[[ 0.9974471   0.01928411 -0.0687561 ]],[[-0.01946438  0.99980864 -0.00195289]],[[0.06870528 0.0032862  0.99763159]]
136,[4.55432858],[116.56447853],[[   4.55432858    6.66189516 -116.56447853]],[[ 0.99745537  0.0224834  -0.06765567]],[[-0.02265971  0.99974154 -0.00183965]],[[0.06759683 0.00336802 0.99770703]]
137,[4.61608595],[117.55936133],[[   4.61608595    6.74185916 -117.55936133]],[[ 0.99747905  0.02404428 -0.06676384]],[[-0.02428992  0.99970084 -0.00286983]],[[0.06667487 0.00448429 0.99776468]]
138,[4.66211489],[118.55161512],[[   4.66211489    6.85724434 -118.55161512]],[[ 0.99753547  0.02441369 -0.06577956]],[[-0.02476062  0.99968344 -0.00446391]],[[0.06564976 0.00608165 0.99782419]]
139,[4.70730272],[119.54750123],[[   4.70730272    6.93578679 -119.54750123]],[[ 0.99754583  0.02595929 -0.06502647]],[[-0.02637535  0.99963671 -0.00554798]],[[0.06485882 0.00724946 0.99786812]]
140,[4.78910834],[120.54051096],[[   4.78910834    7.02087213 -120.54051096]],[[ 0.99754461  0.02556854 -0.06519978]],[[-0.02603295  0.99964134 -0.0062831 ]],[[0.06501574 0.00796502 0.99785245]]
141,[4.90609677],[121.53262794],[[   4.90609677    7.06579007 -121.53262794]],[[ 0.99759607  0.02374711 -0.06510107]],[[-0.02421895  0.99968575 -0.00646817]],[[0.06492702 0.0080293  0.99785771]]
142,[4.98936174],[122.52772599],[[   4.98936174    7.11914553 -122.52772599]],[[ 0.99765607  0.0224858  -0.06462789]],[[-0.02295699  0.99971495 -0.00655742]],[[0.06446202 0.00802571 0.99788789]]
143,[5.09633109],[123.52161273],[[   5.09633109    7.14647138 -123.52161273]],[[ 0.99772255  0.02156847 -0.0639102 ]],[[-0.02197072  0.99974294 -0.00559779]],[[0.06377304 0.00698919 0.99793995]]
144,[5.17142116],[124.51737567],[[   5.17142116    7.19955288 -124.51737567]],[[ 0.99778734  0.020009   -0.06340396]],[[-0.02033293  0.99978328 -0.00446784]],[[0.06330082 0.00574715 0.99797794]]
145,[5.26414753],[125.51255467],[[   5.26414753    7.23149941 -125.51255467]],[[ 0.99781633  0.01948222 -0.06311107]],[[-0.01971996  0.99980059 -0.00314634]],[[0.06303718 0.00438401 0.99800155]]
146,[5.33632477],[126.50841625],[[   5.33632477    7.28672764 -126.50841625]],[[ 0.99782329  0.02041872 -0.06270378]],[[-0.02061555  0.99978437 -0.00249351]],[[0.06263935 0.00378075 0.99802907]]
147,[5.38271252],[127.5050362],[[   5.38271252    7.35452779 -127.5050362 ]],[[ 0.99783889  0.02235738 -0.06178755]],[[-0.02255843  0.99974225 -0.00255802]],[[0.06171444 0.00394632 0.99808605]]
148,[5.46039386],[128.50069952],[[   5.46039386    7.40571538 -128.50069952]],[[ 0.9978643   0.02393132 -0.06077933]],[[-0.02412678  0.99970582 -0.00248389]],[[0.06070201 0.003945   0.99814814]]
149,[5.56110247],[129.49505415],[[   5.56110247    7.43913144 -129.49505415]],[[ 0.99789146  0.02616072 -0.05939903]],[[-0.02632783  0.9996513  -0.00203242]],[[0.05932515 0.00359198 0.99823225]]
150,[5.64521241],[130.4885365],[[   5.64521241    7.51606225 -130.4885365 ]],[[ 0.99796918  0.02517728 -0.05851177]],[[-0.02534016  0.9996768  -0.00204323]],[[0.05844141 0.00352178 0.99828463]]
151,[5.73531042],[131.4810773],[[   5.73531042    7.59819078 -131.4810773 ]],[[ 0.99805665  0.0239635  -0.05752111]],[[-0.02413663  0.99970598 -0.00231689]],[[0.05744868 0.00370075 0.9983416 ]]
152,[5.81481725],[132.47593848],[[   5.81481725    7.66087975 -132.47593848]],[[ 0.99810164  0.0250868  -0.05624741]],[[-0.02522617  0.9996802  -0.00176903]],[[0.05618504 0.00318457 0.99841529]]
153,[5.88617986],[133.46877713],[[   5.88617986    7.75668574 -133.46877713]],[[ 0.99814708  0.02530752 -0.05533485]],[[-2.53812826e-02  9.99677645e-01 -6.30499520e-04]],[[0.05530106 0.0020338  0.99846765]]
154,[5.97266671],[134.46281203],[[   5.97266671    7.82312854 -134.46281203]],[[ 0.99822436  0.02432045 -0.0543751 ]],[[-2.43240516e-02  9.99703949e-01  5.95737324e-04]],[[5.43734892e-02 7.27943196e-04 9.98520402e-01]]
155,[6.05234504],[135.45827804],[[   6.05234504    7.87507838 -135.45827804]],[[ 0.99829071  0.02347392 -0.05352234]],[[-0.02343178  0.99972444  0.00141478]],[[ 5.35408054e-02 -1.58242843e-04  9.98565650e-01]]
156,[6.14535678],[136.45298313],[[   6.14535678    7.91878886 -136.45298313]],[[ 0.99835382  0.02274847 -0.05265126]],[[-0.02268505  0.99974104  0.00180194]],[[ 5.26786214e-02 -6.04579880e-04  9.98611334e-01]]
157,[6.25650333],[137.44564079],[[   6.25650333    7.96650893 -137.44564079]],[[ 0.99842589  0.02188089 -0.05164267]],[[-0.02181081  0.99976027  0.00192026]],[[ 5.16723024e-02 -7.90872521e-04  9.98663781e-01]]
158,[6.34815052],[138.43965176],[[   6.34815052    8.02603195 -138.43965176]],[[ 0.99852436  0.02016367 -0.05042344]],[[-0.02009433  0.99979632  0.00188178]],[[ 5.04511159e-02 -8.65781258e-04  9.98726156e-01]]
159,[6.38400548],[139.43369397],[[   6.38400548    8.12896157 -139.43369397]],[[ 0.99863989  0.01738719 -0.04915342]],[[-0.01733759  0.99984866  0.00143534]],[[ 4.91709394e-02 -5.81185367e-04  9.98790209e-01]]
160,[6.4656868],[140.42802792],[[   6.4656868     8.19699216 -140.42802792]],[[ 0.99869833  0.01606852 -0.0484092 ]],[[-0.0160244   0.99987076  0.00129946]],[[ 4.84238259e-02 -5.22037154e-04  9.98826742e-01]]
161,[6.55268054],[141.42286517],[[   6.55268054    8.24925048 -141.42286517]],[[ 0.99875269  0.01512706 -0.04758394]],[[-0.01506449  0.99988512  0.00167337]],[[ 4.76037853e-02 -9.54450430e-04  9.98865841e-01]]
162,[6.62523092],[142.41663558],[[   6.62523092    8.33384837 -142.41663558]],[[ 0.99882774  0.01393446 -0.04635712]],[[-0.01389012  0.99990271  0.00127834]],[[ 4.63704246e-02 -6.32930756e-04  9.98924113e-01]]
163,[6.69379079],[143.4119768],[[   6.69379079    8.40163786 -143.4119768 ]],[[ 0.99886544  0.01412439 -0.045479  ]],[[-1.40991857e-02  9.99900219e-01  8.74875311e-04]],[[ 4.54868227e-02 -2.32665791e-04  9.98964912e-01]]
164,[6.79814842],[144.4060557],[[   6.79814842    8.43191362 -144.4060557 ]],[[ 0.99885398  0.01501017 -0.04544686]],[[-0.01497282  0.99988723  0.00116199]],[[ 4.54591749e-02 -4.80189347e-04  9.98966082e-01]]
165,[6.84726268],[145.40355862],[[   6.84726268    8.48266504 -145.40355862]],[[ 0.9988674   0.01502052 -0.04514746]],[[-0.01496724  0.99988683  0.00151804]],[[ 4.51651526e-02 -8.40583544e-04  9.98979180e-01]]
166,[6.90940082],[146.39978246],[[   6.90940082    8.54330266 -146.39978246]],[[ 0.99888486  0.01456291 -0.04491055]],[[-0.014519    0.99989374  0.00130373]],[[ 4.49247596e-02 -6.50222069e-04  9.98990162e-01]]
167,[6.9691059],[147.39401604],[[   6.9691059     8.63238067 -147.39401604]],[[ 0.99892371  0.01407181 -0.04419733]],[[-1.40810899e-02  9.99900851e-01  1.01455532e-04]],[[4.41943789e-02 5.21000286e-04 9.99022815e-01]]
168,[7.04765818],[148.39003207],[[   7.04765818    8.6745896  -148.39003207]],[[ 0.99897652  0.01277194 -0.04339114]],[[-0.01283069  0.9999171  -0.00107568]],[[0.04337381 0.00163132 0.99905758]]
169,[7.11400634],[149.38591082],[[   7.11400634    8.7364236  -149.38591082]],[[ 0.99899638  0.01169086 -0.04323838]],[[-0.01180213  0.99992766 -0.00231908]],[[0.04320814 0.00282706 0.99906209]]
170,[7.170111],[150.38293887],[[   7.170111      8.78921889 -150.38293887]],[[ 0.99899401  0.01117983 -0.04342795]],[[-0.0113293   0.99993071 -0.00319706]],[[0.04338919 0.00368585 0.99905145]]
171,[7.24877953],[151.37714253],[[   7.24877953    8.86250146 -151.37714253]],[[ 0.99895396  0.01086199 -0.0444184 ]],[[-0.01104125  0.99993185 -0.00379237]],[[0.04437418 0.00427884 0.99900582]]
172,[7.30995542],[152.37341951],[[   7.30995542    8.92324432 -152.37341951]],[[ 0.99894276  0.00987835 -0.04489747]],[[-0.01008868  0.99993916 -0.00446055]],[[0.04485068 0.00490879 0.99898164]]
173,[7.37209497],[153.36985065],[[   7.37209497    8.98037274 -153.36985065]],[[ 0.99895844  0.00835925 -0.04485699]],[[-0.00859732  0.99994995 -0.00511718]],[[0.04481197 0.0054975  0.99898031]]
174,[7.47279313],[154.36419639],[[   7.47279313    9.01408362 -154.36419639]],[[ 0.99896165  0.00739945 -0.04495413]],[[-0.00763125  0.99995845 -0.00498704]],[[0.04491536 0.00532492 0.9989766 ]]
175,[7.5039253],[155.36172909],[[   7.5039253     9.07700662 -155.36172909]],[[ 0.99896597  0.0088704  -0.04459037]],[[-0.00908742  0.99994782 -0.00466674]],[[0.04454664 0.00506712 0.99899445]]
176,[7.54359946],[156.35887849],[[   7.54359946    9.14118641 -156.35887849]],[[ 0.99894618  0.00994111 -0.04480734]],[[-0.01015752  0.99993781 -0.0046046 ]],[[0.04475878 0.00505488 0.99898503]]
177,[7.5952558],[157.35522215],[[   7.5952558     9.20923732 -157.35522215]],[[ 0.99894444  0.00965555 -0.04490849]],[[-0.00987543  0.9999403  -0.004677  ]],[[0.04486065 0.00511555 0.99898016]]
178,[7.63812067],[158.35169779],[[   7.63812067    9.2813408  -158.35169779]],[[ 0.99894513  0.00959372 -0.04490635]],[[-0.00981315  0.99994095 -0.00466852]],[[0.04485891 0.00510427 0.99898029]]
179,[7.68263021],[159.34826802],[[   7.68263021    9.35110233 -159.34826802]],[[ 0.99894982  0.01149199 -0.04435299]],[[-0.01172367  0.99991894 -0.00496695]],[[0.04429232 0.00548172 0.99900357]]
180,[7.72090477],[160.3438898],[[   7.72090477    9.43638024 -160.3438898 ]],[[ 0.99895495  0.01298861 -0.04382121]],[[-0.01325288  0.99989567 -0.00574556]],[[0.04374201 0.00632031 0.99902287]]
181,[7.78764039],[161.33723513],[[   7.78764039    9.53024935 -161.33723513]],[[ 0.99893957  0.01334338 -0.04406457]],[[-0.01362929  0.99988793 -0.0061945 ]],[[0.04397697 0.0067885  0.99900948]]
182,[7.83097049],[162.33254482],[[   7.83097049    9.61674293 -162.33254482]],[[ 0.99893573  0.01243617 -0.04441572]],[[-0.01273794  0.99989763 -0.00651764]],[[0.04433012 0.00707647 0.99899187]]
183,[7.8610703],[163.32866819],[[   7.8610703     9.69940027 -163.32866819]],[[ 0.99892809  0.01269731 -0.04451337]],[[-0.01301131  0.99989242 -0.00677163]],[[0.0444226  0.00734355 0.99898584]]
184,[7.89505999],[164.32685815],[[   7.89505999    9.74901371 -164.32685815]],[[ 0.99890808  0.0131263  -0.04483698]],[[-0.01344765  0.99988596 -0.00687294]],[[0.04474165 0.00746839 0.99897067]]
185,[7.94801618],[165.32385738],[[   7.94801618    9.80547761 -165.32385738]],[[ 0.99892341  0.0120215  -0.0448051 ]],[[-0.01232122  0.99990349 -0.00641924]],[[0.04472361 0.00696439 0.99897512]]
186,[8.00497062],[166.32039838],[[   8.00497062    9.86599403 -166.32039838]],[[ 0.99895182  0.01115812 -0.04439318]],[[-0.01142493  0.99991814 -0.00576076]],[[0.04432526 0.00626191 0.99899753]]
187,[8.06925747],[167.3153461],[[   8.06925747    9.94310591 -167.3153461 ]],[[ 0.998962    0.01002907 -0.04443347]],[[-0.0102726   0.99993342 -0.00525603]],[[0.0443778  0.00570702 0.99899852]]
188,[8.0984419],[168.31039664],[[   8.0984419    10.03809372 -168.31039664]],[[ 0.99895492  0.01021777 -0.04454947]],[[-0.01045125  0.99993283 -0.00501116]],[[0.04449528 0.00547152 0.99899461]]
189,[8.15312246],[169.30789752],[[   8.15312246   10.08283785 -169.30789752]],[[ 0.99891452  0.01083015 -0.04530445]],[[-0.01103817  0.99992964 -0.004344  ]],[[0.04525422 0.00483937 0.99896378]]
190,[8.17224141],[170.30509463],[[   8.17224141   10.15517306 -170.30509463]],[[ 0.9988772   0.01133412 -0.04599866]],[[-0.01153312  0.99992524 -0.00406315]],[[0.04594917 0.00458909 0.99893324]]
191,[8.19804371],[171.30372487],[[   8.19804371   10.20069096 -171.30372487]],[[ 0.99883407  0.01230461 -0.04668076]],[[-0.01250587  0.99991371 -0.00402182]],[[0.04662725 0.00460091 0.99890176]]
192,[8.22835042],[172.3004478],[[   8.22835042   10.27569033 -172.3004478 ]],[[ 0.99883554  0.01243008 -0.04661614]],[[-0.01266778  0.99990821 -0.00480714]],[[0.04655211 0.00539206 0.99890131]]
193,[8.22617403],[173.29550668],[[   8.22617403   10.37495307 -173.29550668]],[[ 0.99885146  0.01349731 -0.04597364]],[[-0.01374875  0.99989218 -0.00515748]],[[0.04589907 0.00578363 0.99892934]]
194,[8.29227893],[174.29172842],[[   8.29227893   10.43127708 -174.29172842]],[[ 0.99883839  0.01416806 -0.0460557 ]],[[-0.01440698  0.9998844  -0.00485969]],[[0.04598152 0.00551757 0.99892705]]
195,[8.33302817],[175.289876],[[   8.33302817   10.47645351 -175.289876  ]],[[ 0.99879418  0.01551037 -0.04657907]],[[-0.0157417   0.99986549 -0.00460369]],[[0.0465014  0.00533138 0.998904  ]]
196,[8.35406983],[176.28504632],[[   8.35406983   10.5723351  -176.28504632]],[[ 0.99873671  0.01644328 -0.04748271]],[[-0.01669091  0.99984906 -0.00482324]],[[0.04739623 0.00560967 0.99886042]]
197,[8.39036606],[177.28342328],[[   8.39036606   10.61622163 -177.28342328]],[[ 0.99865685  0.01804038 -0.04856999]],[[-0.01827907  0.99982291 -0.00447468]],[[0.04848067 0.00535649 0.99880976]]
198,[8.45603705],[178.28047587],[[   8.45603705   10.65588825 -178.28047587]],[[ 0.9985928   0.01909916 -0.04947373]],[[-0.01932279  0.99980511 -0.00404594]],[[0.04938682 0.00499622 0.99876723]]
199,[8.50354486],[179.2744415],[[   8.50354486   10.75475859 -179.2744415 ]],[[ 0.99857023  0.01951702 -0.04976536]],[[-0.01974183  0.99979699 -0.00402986]],[[0.04967661 0.00500656 0.99875281]]
200,[8.5339396],[180.27187435],[[   8.5339396    10.81959584 -180.27187435]],[[ 0.99854556  0.02046119 -0.04988083]],[[-0.02069145  0.99977748 -0.00410421]],[[0.04978575 0.00513035 0.99874674]]
201,[8.53701241],[181.27072098],[[   8.53701241   10.867512   -181.27072098]],[[ 0.99850207  0.0216083  -0.05026629]],[[-0.02184525  0.99975267 -0.00416918]],[[0.05016377 0.00526101 0.99872715]]
202,[8.51376568],[182.26709839],[[   8.51376568   10.94931455 -182.26709839]],[[ 0.99844217  0.02256772 -0.0510288 ]],[[-0.02281756  0.99973032 -0.00431863]],[[0.05091757 0.00547626 0.99868784]]
203,[8.59898158],[183.26303768],[[   8.59898158   10.97835212 -183.26303768]],[[ 0.99835635  0.02261749 -0.05265966]],[[-0.02283397  0.9997331  -0.00351292]],[[0.05256616 0.00470958 0.99860634]]
204,[8.67049005],[184.25931285],[[   8.67049005   11.02654262 -184.25931285]],[[ 0.99827893  0.023002   -0.05394529]],[[-0.02315512  0.99972943 -0.00221506]],[[0.05387974 0.00346036 0.99854144]]
205,[8.69140675],[185.25801711],[[   8.69140675   11.07293534 -185.25801711]],[[ 0.99822632  0.02427609 -0.0543589 ]],[[-0.02437434  0.99970225 -0.00114521]],[[0.05431491 0.00246814 0.99852081]]
206,[8.71600388],[186.25640613],[[   8.71600388   11.12406609 -186.25640613]],[[ 0.99819991  0.02468526 -0.0546587 ]],[[-2.47546329e-02  9.99693382e-01 -5.92491478e-04]],[[0.05462732 0.00194448 0.99850492]]
207,[8.75521416],[187.25338414],[[   8.75521416   11.19112881 -187.25338414]],[[ 0.99817671  0.02400108 -0.05538226]],[[-0.02410937  0.9997085  -0.00128794]],[[0.0553352  0.00262082 0.99846439]]
208,[8.77544416],[188.25116515],[[   8.77544416   11.25456217 -188.25116515]],[[ 0.99812636  0.02469487 -0.05598162]],[[-0.02485567  0.99968868 -0.00217787]],[[0.05591041 0.00356525 0.99842942]]
209,[8.8456626],[189.24602891],[[   8.8456626    11.32746949 -189.24602891]],[[ 0.9980675   0.02413154 -0.05726198]],[[-0.02432832  0.99970026 -0.00274175]],[[0.05717865 0.00412954 0.99835542]]
210,[8.83083753],[190.24107641],[[   8.83083753   11.42575826 -190.24107641]],[[ 0.99806438  0.02355407 -0.05755611]],[[-0.02376552  0.99971308 -0.00299209]],[[0.05746912 0.00435415 0.99833779]]
211,[8.88691894],[191.23788508],[[   8.88691894   11.48256809 -191.23788508]],[[ 0.99803865  0.02395002 -0.05783807]],[[-0.02417494  0.99970265 -0.00319198]],[[0.05774443 0.00458395 0.99832087]]
212,[8.86908686],[192.23542963],[[   8.86908686   11.5502946  -192.23542963]],[[ 0.99799931  0.02542062 -0.05788925]],[[-0.02565859  0.99966508 -0.00337104]],[[0.05778417 0.00484965 0.99831732]]
213,[8.96674118],[193.22908246],[[   8.96674118   11.60613097 -193.22908246]],[[ 0.99795324  0.02504576 -0.05883903]],[[-0.02530751  0.99967284 -0.00370735]],[[0.05872693 0.00518883 0.9982606 ]]
214,[8.98931511],[194.22724154],[[   8.98931511   11.66242357 -194.22724154]],[[ 0.99792396  0.02546876 -0.05915335]],[[-0.02574115  0.99966124 -0.0038474 ]],[[0.05903532 0.00536209 0.99824149]]
215,[8.99084082],[195.22411345],[[   8.99084082   11.74144305 -195.22411345]],[[ 0.99787798  0.02624637 -0.05958741]],[[-0.026549    0.9996383  -0.00429259]],[[0.05945319 0.00586546 0.99821386]]
216,[9.09586463],[196.2185816],[[   9.09586463   11.74319987 -196.2185816 ]],[[ 0.9977867   0.02741734 -0.06058037]],[[-0.02775074  0.99960397 -0.00466869]],[[0.06042838 0.00633951 0.9981524 ]]
217,[9.17586005],[197.21531165],[[   9.17586005   11.73180056 -197.21531165]],[[ 0.99767233  0.02869138 -0.06186058]],[[-0.02905341  0.99956555 -0.00496058]],[[0.06169138 0.0067463  0.99807247]]
218,[9.19374042],[198.21485088],[[   9.19374042   11.75632843 -198.21485088]],[[ 0.99759424  0.03001679 -0.06248773]],[[-0.03040967  0.99952322 -0.00534568]],[[0.06229748 0.00723305 0.99803142]]
219,[9.29403012],[199.20769453],[[   9.29403012   11.82116255 -199.20769453]],[[ 0.99755599  0.02979359 -0.06320121]],[[-0.03025069  0.99952257 -0.00628764]],[[0.06298371 0.00818415 0.997981  ]]
220,[9.29735542],[200.20348114],[[   9.29735542   11.91280299 -200.20348114]],[[ 0.99753383  0.03093467 -0.06300238]],[[-0.03144793  0.99947967 -0.00717112]],[[0.06274776 0.00913473 0.99798761]]
221,[9.33027646],[201.20015044],[[   9.33027646   11.98741206 -201.20015044]],[[ 0.99752956  0.03133784 -0.06287058]],[[-0.03188094  0.99946237 -0.00765375]],[[0.06259693 0.00963921 0.99799234]]
